# This file may be used to create an environment using:
# $ conda create --name <env> --file <this file>
# platform: win-64
aiohttp=3.7.4.post0=pypi_0
async-timeout=3.0.1=pypi_0
attrs=21.2.0=pypi_0
autopep8=1.5.7=pyhd3eb1b0_0
bzip2=1.0.8=h8ffe710_4
ca-certificates=2021.10.26=haa95532_2
chardet=4.0.0=pypi_0
freetype=2.10.4=h546665d_1
idna=3.3=pypi_0
iso8601=1.0.0=pypi_0
jbig=2.1=h8d14728_2003
jpeg=9d=h8ffe710_0
lcms2=2.12=h2a16943_0
lerc=3.0=h0e60522_0
libdeflate=1.8=h8ffe710_0
libffi=3.4.2=h8ffe710_5
libpng=1.6.37=h1d00b33_2
libtiff=4.3.0=hd413186_2
libzlib=1.2.11=h8ffe710_1013
lz4-c=1.9.3=h8ffe710_1
multidict=5.2.0=pypi_0
numpy=1.21.4=pypi_0
olefile=0.46=pyh9f0ad1d_1
opencv-python=4.5.4.58=pypi_0
openjpeg=2.4.0=hb211442_1
openssl=3.0.0=h8ffe710_2
pillow=8.4.0=py310h22f3323_0
pip=21.3.1=pyhd8ed1ab_0
pycodestyle=2.8.0=pyhd3eb1b0_0
python=3.10.0=hcf16a7b_2_cpython
python_abi=3.10=2_cp310
pytmi=0.2.0=pypi_0
pywin32=302=py310he2412df_2
setuptools=59.1.1=py310h5588dad_0
sqlite=3.36.0=h8ffe710_2
tk=8.6.11=h8ffe710_1
toml=0.10.2=pyhd3eb1b0_0
twitchio=2.1.2=pypi_0
typing-extensions=4.0.0=pypi_0
tzdata=2021e=he74cb21_0
ucrt=10.0.20348.0=h57928b3_0
vc=14.2=hb210afc_5
vs2015_runtime=14.29.30037=h902a5da_5
wheel=0.37.0=pyhd8ed1ab_1
xz=5.2.5=h62dcd97_1
yarl=1.7.2=pypi_0
zlib=1.2.11=h8ffe710_1013
zstd=1.5.0=h6255e5f_0
